255 255 255 255 255 255 255 255 255 255 255 255 255 255 255 255
255 255 255 255 255 255 255 255 255 255 255 255 255 255 255 255
255 255   0   0   0   0   0   0   0   0   0   0   0   0 255 255
255 255   0   0   0   0   0   0   0   0   0   0   0   0 255 255
255 255   0   0   0   0   0   0   0   0   0   0   0   0 255 255
255 255   0   0   0 255 255 254 254 255 255   0   0   0 255 255
255 255   0   0   0 255 251 219 241 207 255   0   0   0 255 255
255 255   0   0   0 255 212 248 205 169 255   0   0   0 255 255
255 255   0   0   0 255 232  64 199 185 255   0   0   0 255 255
255 255   0   0   0 255 255 188 165 218 255   0   0   0 255 255
255 255   0   0   0 255 255 255 255 255 255   0   0   0 255 255
255 255   0   0   0   0   0   0   0   0   0   0   0   0 255 255
255 255   0   0   0   0   0   0   0   0   0   0   0   0 255 255
255 255   0   0   0   0   0   0   0   0   0   0   0   0 255 255
255 255 255 255 255 255 255 255 255 255 255 255 255 255 255 255
255 255 255 255 255 255 255 255 255 255 255 255 255 255 255 255
255 255 255 255 255 255 255 255 255 255 255 255 255 255 255 255
255 255 255 255 255 255 255 255 255 255 255 255 255 255 255 255
255 255   0   0   0   0   0   0   0   0   0   0   0   0 255 255
255 255   0   0   0   0   0   0   0   0   0   0   0   0 255 255
255 255   0   0   0   0   0   0   0   0   0   0   0   0 255 255
255 255   0   0   0 255 255 254 254 255 255   0   0   0 255 255
255 255   0   0   0 255 250 178 234 201 255   0   0   0 255 255
255 255   0   0   0 255 179 244 171 139 255   0   0   0 255 255
255 255   0   0   0 255 232  61 169 160 255   0   0   0 255 255
255 255   0   0   0 255 254 185 162 217 255   0   0   0 255 255
255 255   0   0   0 255 255 255 255 255 255   0   0   0 255 255
255 255   0   0   0   0   0   0   0   0   0   0   0   0 255 255
255 255   0   0   0   0   0   0   0   0   0   0   0   0 255 255
255 255   0   0   0   0   0   0   0   0   0   0   0   0 255 255
255 255 255 255 255 255 255 255 255 255 255 255 255 255 255 255
255 255 255 255 255 255 255 255 255 255 255 255 255 255 255 255
255 255 255 255 255 255 255 255 255 255 255 255 255 255 255 255
255 255 255 255 255 255 255 255 255 255 255 255 255 255 255 255
255 255   0   0   0   0   0   0   0   0   0   0   0   0 255 255
255 255   0   0   0   0   0   0   0   0   0   0   0   0 255 255
255 255   0   0   0   0   0   0   0   0   0   0   0   0 255 255
255 255   0   0   0 255 255 254 254 255 255   0   0   0 255 255
255 255   0   0   0 255 250  87 218 189 255   0   0   0 255 255
255 255   0   0   0 255  91 238  79  62 255   0   0   0 255 255
255 255   0   0   0 255 232  47  72  83 255   0   0   0 255 255
255 255   0   0   0 255 254 180 153 212 255   0   0   0 255 255
255 255   0   0   0 255 255 255 255 255 255   0   0   0 255 255
255 255   0   0   0   0   0   0   0   0   0   0   0   0 255 255
255 255   0   0   0   0   0   0   0   0   0   0   0   0 255 255
255 255   0   0   0   0   0   0   0   0   0   0   0   0 255 255
255 255 255 255 255 255 255 255 255 255 255 255 255 255 255 255
255 255 255 255 255 255 255 255 255 255 255 255 255 255 255 255

255 255 255 255 255 255 255 255 255 255 255 255 255 255 255 255
255 214 153 153 153 153 153 153 153 153 153 153 153 153 214 255
255 153   0   0   0   0   0   0   0   0   0   0   0   0 153 255
255 153   0   0   0   0   0   0   0   0   0   0   0   0 153 255
255 153   0   0  10  51  51  51  51  51  51  10   0   0 153 255
255 153   0   0  51 255 251 251 249 253 255  51   0   0 153 255
255 153   0   0  51 242 207 168 165 198 244  50   0   0 153 255
255 153   0   0  50 238 201 180 153 135 208  50   0   0 153 255
255 153   0   0  50 237 199 193 197 166 210  50   0   0 153 255
255 153   0   0  51 248 215 189 217 217 244  50   0   0 153 255
255 153   0   0  51 255 238 240 252 254 255  51   0   0 153 255
255 153   0   0  10  51  51  51  51  51  51  10   0   0 153 255
255 153   0   0   0   0   0   0   0   0   0   0   0   0 153 255
255 153   0   0   0   0   0   0   0   0   0   0   0   0 153 255
255 214 153 153 153 153 153 153 153 153 153 153 153 153 214 255
255 255 255 255 255 255 255 255 255 255 255 255 255 255 255 255
255 255 255 255 255 255 255 255 255 255 255 255 255 255 255 255
255 214 153 153 153 153 153 153 153 153 153 153 153 153 214 255
255 153   0   0   0   0   0   0   0   0   0   0   0   0 153 255
255 153   0   0   0   0   0   0   0   0   0   0   0   0 153 255
255 153   0   0  10  51  51  51  51  51  51  10   0   0 153 255
255 153   0   0  51 255 252 250 249 253 255  51   0   0 153 255
255 153   0   0  51 241 199 146 153 195 243  50   0   0 153 255
255 153   0   0  50 237 192 154 134 131 206  50   0   0 153 255
255 153   0   0  50 237 185 184 185 160 209  50   0   0 153 255
255 153   0   0  51 248 210 169 211 216 243  50   0   0 153 255
255 153   0   0  51 255 238 239 252 254 255  51   0   0 153 255
255 153   0   0  10  51  51  51  51  51  51  10   0   0 153 255
255 153   0   0   0   0   0   0   0   0   0   0   0   0 153 255
255 153   0   0   0   0   0   0   0   0   0   0   0   0 153 255
255 214 153 153 153 153 153 153 153 153 153 153 153 153 214 255
255 255 255 255 255 255 255 255 255 255 255 255 255 255 255 255
255 255 255 255 255 255 255 255 255 255 255 255 255 255 255 255
255 214 153 153 153 153 153 153 153 153 153 153 153 153 214 255
255 153   0   0   0   0   0   0   0   0   0   0   0   0 153 255
255 153   0   0   0   0   0   0   0   0   0   0   0   0 153 255
255 153   0   0  10  51  51  51  51  51  51  10   0   0 153 255
255 153   0   0  51 255 251 250 249 253 255  51   0   0 153 255
255 153   0   0  51 241 175  84 117 188 242  50   0   0 153 255
255 153   0   0  50 236 165  81  80 120 202  50   0   0 153 255
255 153   0   0  50 236 142 158 153 144 204  50   0   0 153 255
255 153   0   0  51 247 196 114 193 214 241  50   0   0 153 255
255 153   0   0  51 255 237 238 252 254 255  51   0   0 153 255
255 153   0   0  10  51  51  51  51  51  51  10   0   0 153 255
255 153   0   0   0   0   0   0   0   0   0   0   0   0 153 255
255 153   0   0   0   0   0   0   0   0   0   0   0   0 153 255
255 214 153 153 153 153 153 153 153 153 153 153 153 153 214 255
255 255 255 255 255 255 255 255 255 255 255 255 255 255 255 255

255 255 255 255 255 255 255 255 255 255 255 255 255 255 255 255
255 214 153 153 153 153 153 153 153 153 153 153 153 153 214 255
255 153   0   0   0   0   0   0   0   0   0   0   0   0 153 255
255 153   0   0   0   0   0   0   0   0   0   0   0   0 153 255
255 153   0   0  10  51  50  50  50  50  51  10   0   0 153 255
255 153   0   0  51 255 244 208 210 244 255  51   0   0 153 255
255 153   0   0  51 253 198 135 166 217 254  51   0   0 153 255
255 153   0   0  51 249 165 153 197 217 252  51   0   0 153 255
255 153   0   0  51 251 168 180 193 189 240  51   0   0 153 255
255 153   0   0  51 251 207 201 199 215 238  51   0   0 153 255
255 153   0   0  51 255 242 238 237 248 255  51   0   0 153 255
255 153   0   0  10  51  51  50  50  51  51  10   0   0 153 255
255 153   0   0   0   0   0   0   0   0   0   0   0   0 153 255
255 153   0   0   0   0   0   0   0   0   0   0   0   0 153 255
255 214 153 153 153 153 153 153 153 153 153 153 153 153 214 255
255 255 255 255 255 255 255 255 255 255 255 255 255 255 255 255
255 255 255 255 255 255 255 255 255 255 255 255 255 255 255 255
255 214 153 153 153 153 153 153 153 153 153 153 153 153 214 255
255 153   0   0   0   0   0   0   0   0   0   0   0   0 153 255
255 153   0   0   0   0   0   0   0   0   0   0   0   0 153 255
255 153   0   0  10  51  50  50  50  50  51  10   0   0 153 255
255 153   0   0  51 255 243 206 209 243 255  51   0   0 153 255
255 153   0   0  51 253 195 131 160 216 254  51   0   0 153 255
255 153   0   0  51 249 153 134 185 211 252  51   0   0 153 255
255 153   0   0  51 250 146 154 184 169 239  51   0   0 153 255
255 153   0   0  51 252 199 192 185 210 238  51   0   0 153 255
255 153   0   0  51 255 241 237 237 248 255  51   0   0 153 255
255 153   0   0  10  51  51  50  50  51  51  10   0   0 153 255
255 153   0   0   0   0   0   0   0   0   0   0   0   0 153 255
255 153   0   0   0   0   0   0   0   0   0   0   0   0 153 255
255 214 153 153 153 153 153 153 153 153 153 153 153 153 214 255
255 255 255 255 255 255 255 255 255 255 255 255 255 255 255 255
255 255 255 255 255 255 255 255 255 255 255 255 255 255 255 255
255 214 153 153 153 153 153 153 153 153 153 153 153 153 214 255
255 153   0   0   0   0   0   0   0   0   0   0   0   0 153 255
255 153   0   0   0   0   0   0   0   0   0   0   0   0 153 255
255 153   0   0  10  51  50  50  50  50  51  10   0   0 153 255
255 153   0   0  51 255 242 202 204 241 255  51   0   0 153 255
255 153   0   0  51 253 188 120 144 214 254  51   0   0 153 255
255 153   0   0  51 249 117  80 153 193 252  51   0   0 153 255
255 153   0   0  51 250  84  81 158 114 238  51   0   0 153 255
255 153   0   0  51 251 175 165 142 196 237  51   0   0 153 255
255 153   0   0  51 255 241 236 236 247 255  51   0   0 153 255
255 153   0   0  10  51  51  50  50  51  51  10   0   0 153 255
255 153   0   0   0   0   0   0   0   0   0   0   0   0 153 255
255 153   0   0   0   0   0   0   0   0   0   0   0   0 153 255
255 214 153 153 153 153 153 153 153 153 153 153 153 153 214 255
255 255 255 255 255 255 255 255 255 255 255 255 255 255 255 255

255 255 255 255 255 255 255 255 255 255 255 255 255 255 255 255
255 214 153 153 153 153 153 153 153 153 153 153 153 153 214 255
255 153   0   0   0   0   0   0   0   0   0   0   0   0 153 255
255 153   0   0   0   0   0   0   0   0   0   0   0   0 153 255
255 153   0   0  10  51  51  51  51  51  51  10   0   0 153 255
255 153   0   0  51 255 254 252 240 238 255  51   0   0 153 255
255 153   0   0  50 244 217 217 189 215 248  51   0   0 153 255
255 153   0   0  50 210 166 197 193 199 237  50   0   0 153 255
255 153   0   0  50 208 135 153 180 201 238  50   0   0 153 255
255 153   0   0  50 244 198 165 168 207 242  51   0   0 153 255
255 153   0   0  51 255 253 249 251 251 255  51   0   0 153 255
255 153   0   0  10  51  51  51  51  51  51  10   0   0 153 255
255 153   0   0   0   0   0   0   0   0   0   0   0   0 153 255
255 153   0   0   0   0   0   0   0   0   0   0   0   0 153 255
255 214 153 153 153 153 153 153 153 153 153 153 153 153 214 255
255 255 255 255 255 255 255 255 255 255 255 255 255 255 255 255
255 255 255 255 255 255 255 255 255 255 255 255 255 255 255 255
255 214 153 153 153 153 153 153 153 153 153 153 153 153 214 255
255 153   0   0   0   0   0   0   0   0   0   0   0   0 153 255
255 153   0   0   0   0   0   0   0   0   0   0   0   0 153 255
255 153   0   0  10  51  51  51  51  51  51  10   0   0 153 255
255 153   0   0  51 255 254 252 239 238 255  51   0   0 153 255
255 153   0   0  50 243 216 211 169 210 248  51   0   0 153 255
255 153   0   0  50 209 160 185 184 185 237  50   0   0 153 255
255 153   0   0  50 206 131 134 154 192 237  50   0   0 153 255
255 153   0   0  50 243 195 153 146 199 241  51   0   0 153 255
255 153   0   0  51 255 253 249 250 252 255  51   0   0 153 255
255 153   0   0  10  51  51  51  51  51  51  10   0   0 153 255
255 153   0   0   0   0   0   0   0   0   0   0   0   0 153 255
255 153   0   0   0   0   0   0   0   0   0   0   0   0 153 255
255 214 153 153 153 153 153 153 153 153 153 153 153 153 214 255
255 255 255 255 255 255 255 255 255 255 255 255 255 255 255 255
255 255 255 255 255 255 255 255 255 255 255 255 255 255 255 255
255 214 153 153 153 153 153 153 153 153 153 153 153 153 214 255
255 153   0   0   0   0   0   0   0   0   0   0   0   0 153 255
255 153   0   0   0   0   0   0   0   0   0   0   0   0 153 255
255 153   0   0  10  51  51  51  51  51  51  10   0   0 153 255
255 153   0   0  51 255 254 252 238 237 255  51   0   0 153 255
255 153   0   0  50 241 214 193 114 196 247  51   0   0 153 255
255 153   0   0  50 204 144 153 158 142 236  50   0   0 153 255
255 153   0   0  50 202 120  80  81 165 236  50   0   0 153 255
255 153   0   0  50 242 188 117  84 175 241  51   0   0 153 255
255 153   0   0  51 255 253 249 250 251 255  51   0   0 153 255
255 153   0   0  10  51  51  51  51  51  51  10   0   0 153 255
255 153   0   0   0   0   0   0   0   0   0   0   0   0 153 255
255 153   0   0   0   0   0   0   0   0   0   0   0   0 153 255
255 214 153 153 153 153 153 153 153 153 153 153 153 153 214 255
255 255 255 255 255 255 255 255 255 255 255 255 255 255 255 255
